[gd_scene load_steps=3 format=3 uid="uid://c38ku0vla0t0d"]

[ext_resource type="Script" uid="uid://4o5nxhnbhuyc" path="res://src/scripts/rls.gd" id="1_xt2q6"]

[sub_resource type="CylinderShape3D" id="CylinderShape3D_mm31y"]
height = 0.5

[node name="Rls" type="Node3D"]
script = ExtResource("1_xt2q6")

[node name="SubViewport" type="SubViewport" parent="."]
render_target_update_mode = 4

[node name="Camera3D" type="Camera3D" parent="SubViewport"]
transform = Transform3D(-4.371139e-08, -0.70710677, -0.70710677, 0, 0.70710677, -0.70710677, 1, -3.090862e-08, -3.090862e-08, 0, 0, 0)
fov = 90.0
near = 1.0

[node name="Area3D" type="Area3D" parent="."]
transform = Transform3D(1, 0, 0, 0, 0.707106, -0.707106, 0, 0.707106, 0.707106, 0, -0.374112, -0.154964)

[node name="CollisionShape3D" type="CollisionShape3D" parent="Area3D"]
transform = Transform3D(-100, 8.74228e-06, 0, 3.82137e-13, 4.37114e-06, -100, -8.74228e-06, -100, -4.37114e-06, 2.24106e-06, 1.12053e-06, -25.6348)
shape = SubResource("CylinderShape3D_mm31y")

[node name="Camera3D" type="Camera3D" parent="."]
transform = Transform3D(-4.371139e-08, -0.70710677, -0.70710677, 0, 0.70710677, -0.70710677, 1, -3.090862e-08, -3.090862e-08, 0, 0, 0)
fov = 90.0
near = 1.0

[node name="ReferenceRect" type="ReferenceRect" parent="Camera3D"]
border_color = Color(0, 0.8039216, 0, 1)
border_width = 4.0
editor_only = false
metadata/_edit_use_anchors_ = true

[connection signal="body_entered" from="Area3D" to="." method="_on_area_3d_body_entered"]
[connection signal="body_exited" from="Area3D" to="." method="_on_area_3d_body_exited"]
